Epoch	AverageEpRet	StdEpRet	MaxEpRet	MinEpRet	AverageTestEpRet	StdTestEpRet	MaxTestEpRet	MinTestEpRet	EpLen	TestEpLen	TotalEnvInteracts	AverageQ1Vals	StdQ1Vals	MaxQ1Vals	MinQ1Vals	AverageQ2Vals	StdQ2Vals	MaxQ2Vals	MinQ2Vals	AverageVVals	StdVVals	MaxVVals	MinVVals	AverageLogPi	StdLogPi	MaxLogPi	MinLogPi	LossPi	LossQ1	LossQ2	LossV	Time
1	-324.1571	101.53572	-204.31589	-488.91077	-161.15689	9.071138	-149.36992	-184.64468	1000.0	1000.0	5000	5.019095	4.412436	24.981937	-9.557365	5.018794	4.4139028	24.679567	-10.41085	5.943121	4.3845873	25.148323	-10.879413	-2.0816913	2.7875907	90.16789	-15.709089	-6.09099	0.29196602	0.28540033	0.22337838	12.171326637268066
2	-273.70844	63.020298	-234.37527	-398.2914	-234.90198	16.21565	-205.35045	-258.69257	1000.0	1000.0	10000	19.738049	6.7390604	46.875328	-0.42643517	19.737703	6.7380576	47.319153	-0.7499851	21.011772	6.8047113	53.18828	1.7903275	-1.2129136	2.6187332	16.019714	-15.225241	-21.346483	0.61149544	0.6184817	0.36522576	24.01169466972351
3	-32.534477	218.72523	335.82028	-332.84872	896.6903	410.33237	1229.3741	160.15141	1000.0	1000.0	15000	34.14054	8.048219	77.59491	16.086704	34.140526	8.046963	77.70402	15.935167	35.0961	8.146252	76.73568	18.107243	-1.5378114	2.5275376	20.80734	-15.751347	-35.54989	0.68858093	0.69672334	0.4983372	37.06347584724426
4	558.3919	275.2641	930.1314	94.02053	190.96509	150.55206	564.4941	31.981201	1000.0	1000.0	20000	40.80435	11.948168	82.6342	20.147429	40.804237	11.949008	82.51679	20.194658	41.467133	11.927152	82.875854	21.04673	-2.258323	1.9739797	18.091103	-13.391978	-41.923187	0.81780654	0.8212551	0.5302471	49.96356177330017
5	1074.6797	277.63318	1499.6439	732.61395	2253.2524	84.48446	2410.7375	2144.7644	1000.0	1000.0	25000	48.757397	16.457296	96.71177	19.427471	48.757336	16.458677	97.74227	19.429688	49.400333	16.379725	97.035995	20.608362	-1.7591115	2.3200035	16.05953	-12.315708	-49.897076	1.1907953	1.1829896	0.69065654	63.38804221153259
6	1771.5352	123.65415	1894.5006	1550.5973	2317.2515	67.8028	2451.3896	2221.4668	1000.0	1000.0	30000	61.065784	22.257807	114.28061	16.237946	61.06573	22.258427	117.74242	16.865255	61.683445	22.083061	114.99928	17.844822	-1.2054766	2.6055977	16.697132	-16.022488	-62.234318	1.4880685	1.4775221	0.88446015	76.50070548057556
7	2078.7876	153.69058	2238.0557	1827.1403	2816.6118	78.453	2974.4324	2694.4949	1000.0	1000.0	35000	76.19208	27.93265	134.88652	14.411654	76.19216	27.933168	133.49777	13.78737	76.77622	27.67619	132.97394	17.125484	-0.78666943	2.694877	17.736607	-13.277267	-77.37094	1.7418855	1.7289464	1.0485358	89.71288132667542
8	2420.7632	164.07802	2636.007	2174.8594	3114.0105	66.328575	3250.2358	3031.8433	1000.0	1000.0	40000	92.225235	32.839115	156.08035	13.104675	92.22525	32.83954	154.94417	11.081821	92.80358	32.516304	153.329	14.089417	-0.25668088	2.888609	19.677803	-14.502129	-93.448044	1.9842218	1.9767252	1.1981994	102.95531153678894
9	2694.7563	77.13117	2756.241	2543.5615	3399.3684	107.74894	3597.9585	3231.0522	1000.0	1000.0	45000	109.19895	37.245197	179.06944	11.652195	109.199165	37.24572	180.47482	9.527642	109.73809	36.84809	179.16057	11.639112	0.19087067	3.0235572	20.121353	-13.084512	-110.42865	2.2609024	2.2585094	1.4121604	116.05811810493469
10	2918.6445	140.93939	3166.3318	2777.93	3375.1753	360.1722	3602.5557	2323.2708	1000.0	1000.0	50000	125.38954	40.692818	199.329	10.582217	125.38959	40.692936	199.49142	8.661164	125.864845	40.241722	196.356	12.327167	0.5179269	3.0900805	21.13817	-15.742128	-126.58449	2.5850186	2.5824044	1.5507048	129.50156998634338
11	2863.0461	416.21954	3181.394	2054.7996	3183.7075	895.7921	3669.0498	518.4955	1000.0	1000.0	55000	140.52068	43.846672	215.25606	8.199172	140.52106	43.846542	215.1979	6.8066835	140.9646	43.346622	216.75887	11.77604	0.8608286	3.200208	24.014074	-13.669194	-141.71826	2.9040148	2.887136	1.7761141	142.62242531776428
12	2460.608	1193.3297	3188.101	83.32707	3768.7598	62.30033	3847.4453	3657.2195	1000.0	1000.0	60000	151.56013	48.944046	229.68202	2.1884882	151.56035	48.94407	232.50095	-0.07939482	151.9383	48.514706	227.12018	3.384596	0.98667574	3.2416716	21.093292	-13.03327	-152.7084	3.3609672	3.317996	1.9388027	155.65885996818542
13	2800.2124	920.50793	3460.9175	978.3399	2251.3433	1171.0414	3719.1538	685.4139	1000.0	1000.0	65000	161.45015	54.098293	244.31863	-9.438478	161.45088	54.098167	244.72398	-9.455643	161.7671	53.69201	241.45624	-7.4145436	1.0567946	3.2594054	23.253693	-14.648026	-162.55652	3.8393805	3.805245	2.1427915	168.7036693096161
14	3268.457	177.16147	3495.063	2965.518	3737.0168	74.708725	3841.8442	3650.4983	1000.0	1000.0	70000	171.68535	57.242966	255.60826	-19.047726	171.68573	57.242382	255.29944	-19.043413	171.95123	56.82303	255.16074	-14.592165	1.1713271	3.293107	24.19333	-15.437087	-172.762	4.360569	4.346802	2.3543472	181.77489757537842
15	2733.1558	1253.5706	3481.8142	234.75188	3784.375	548.5203	4133.936	2167.231	1000.0	1000.0	75000	181.03961	59.319473	269.28766	-22.472656	181.03976	59.318813	269.9844	-23.130363	181.27602	58.873543	266.03516	-19.220444	1.256517	3.294637	25.988926	-13.913325	-182.10274	4.4501634	4.459547	2.4538958	194.90725588798523
16	3544.525	146.62607	3707.2559	3293.4702	3117.2944	1154.5071	4158.187	1046.7606	1000.0	1000.0	80000	188.22574	63.122974	279.8041	-28.054947	188.22588	63.121716	280.74408	-29.366377	188.43202	62.705482	277.71448	-29.041582	1.2981708	3.3780563	25.247547	-14.008698	-189.27086	4.6672807	4.716785	2.5688617	208.04855060577393
17	3077.752	660.2392	3462.7107	1760.6951	4050.6575	112.805176	4294.7	3924.0674	1000.0	1000.0	85000	195.4851	66.02869	286.08243	-40.060795	195.48497	66.02784	285.2215	-38.414265	195.67378	65.61501	287.87335	-36.295506	1.4169346	3.432016	27.316936	-13.5601	-196.53912	5.0163345	5.0555573	2.6685464	221.18831729888916
18	3552.5125	224.19048	3954.4382	3285.526	4008.073	65.61219	4121.756	3911.4243	1000.0	1000.0	90000	203.37549	67.37675	293.3352	-44.329235	203.37535	67.37536	294.3376	-43.439594	203.5475	66.94208	291.58194	-39.589222	1.5232931	3.4692895	29.091133	-14.139015	-204.42924	5.395289	5.407178	2.8644843	234.4221670627594
19	3316.5593	720.53784	3783.2563	1885.1587	4319.355	56.76245	4387.3267	4213.589	1000.0	1000.0	95000	209.99883	69.08845	302.84906	-45.38273	209.9991	69.08727	301.90942	-47.087006	210.15573	68.633385	300.37512	-44.474487	1.6295402	3.5082803	30.790401	-15.70047	-211.0524	5.444082	5.42153	2.8938034	247.71970105171204
20	3541.3945	351.9655	3846.0728	2898.328	4022.8464	77.80607	4127.587	3875.5803	1000.0	1000.0	100000	216.43571	69.83999	307.83582	-51.30555	216.4359	69.83912	306.9193	-52.05272	216.5409	69.38662	304.09186	-48.89897	1.6314133	3.4949198	29.302513	-13.921201	-217.44455	5.750876	5.7021713	3.027177	261.0226285457611
21	3713.181	109.592964	3833.1428	3511.369	3965.5903	87.37457	4089.7454	3848.327	1000.0	1000.0	105000	222.48032	69.92222	310.19217	-54.086838	222.4802	69.921585	311.58322	-50.758034	222.56393	69.433334	311.40207	-46.928207	1.6646513	3.4868705	31.214273	-12.356379	-223.47295	5.707043	5.6598134	2.8928523	274.3641448020935
22	3738.243	69.60809	3865.2456	3665.1008	4038.0515	142.87567	4244.8813	3837.5605	1000.0	1000.0	110000	228.36101	69.5828	315.68314	-53.638332	228.361	69.58187	315.2326	-50.75878	228.43242	69.07851	314.98773	-48.060326	1.7980944	3.542789	30.293056	-13.776157	-229.3547	5.738311	5.6800385	3.0883815	287.56741642951965
23	3313.6968	905.6828	3988.4712	1533.3031	4131.922	74.786156	4254.603	3980.1086	1000.0	1000.0	115000	232.9082	70.093185	321.65906	-52.989418	232.90839	70.092964	322.05945	-53.812824	232.95303	69.590416	319.52335	-49.2985	1.842663	3.5451534	32.40892	-15.734385	-233.87276	5.715731	5.649747	3.0632415	300.838506937027
24	3825.7532	129.45216	4063.4587	3713.5793	4177.843	67.415886	4298.643	4098.626	1000.0	1000.0	120000	237.87378	69.437096	320.68222	-49.987015	237.87343	69.43757	321.54468	-48.868984	237.88367	68.90167	319.96576	-50.998627	1.8643903	3.5348024	30.847433	-13.146318	-238.80493	5.7382913	5.686423	3.014837	314.2188620567322
25	3842.493	149.59032	4057.3965	3590.9253	4185.0615	101.8103	4417.2847	4012.59	1000.0	1000.0	125000	242.45418	68.68732	325.7868	-49.90825	242.45421	68.686386	326.8994	-50.10456	242.44601	68.1495	325.91037	-46.429935	1.923265	3.5587387	28.284958	-13.196059	-243.3532	5.598439	5.5302486	2.984549	327.53109526634216
26	3854.8608	248.44345	4303.736	3565.3298	4362.446	121.89931	4516.5884	4049.603	1000.0	1000.0	130000	246.82411	68.189026	331.08228	-48.597095	246.8239	68.18915	331.83743	-50.013187	246.80342	67.620895	329.35983	-46.14076	1.970059	3.5633726	30.367363	-12.66744	-247.71547	5.6805644	5.6067123	3.0302064	340.89634680747986
27	3781.3198	204.62381	4043.6125	3517.6643	4453.623	83.187675	4596.817	4306.866	1000.0	1000.0	135000	250.76811	67.43488	335.14517	-43.4478	250.76784	67.4346	336.18918	-47.278397	250.7131	66.889114	331.1801	-40.02314	1.9917128	3.5907626	31.553198	-15.764248	-251.61612	5.697428	5.6321244	3.0217235	354.2755148410797
28	3945.952	91.058105	4060.756	3820.054	4412.1553	83.04355	4544.7163	4216.8843	1000.0	1000.0	140000	254.29767	67.52117	335.99524	-43.569794	254.29774	67.520775	335.70288	-50.058613	254.23228	66.97872	335.02112	-49.799995	2.0175023	3.5790915	30.988525	-15.006303	-255.1345	5.898567	5.804505	3.108645	367.75754404067993
29	3881.2124	90.80683	4014.8455	3781.855	4486.112	84.453705	4696.125	4394.796	1000.0	1000.0	145000	258.12653	66.97783	339.29315	-43.37146	258.1264	66.97788	338.484	-49.66423	258.0446	66.428185	338.22073	-48.746513	1.9968195	3.5817919	28.726467	-14.4754305	-258.9409	5.632699	5.5725102	3.0119958	381.21918988227844
30	3939.2305	71.76032	4018.4941	3812.6194	4445.9023	116.615746	4598.197	4229.3584	1000.0	1000.0	150000	261.22217	66.483246	339.903	-42.56385	261.22192	66.48321	340.96445	-47.381634	261.12125	65.91985	338.1148	-41.214523	2.0230134	3.5802698	28.404583	-14.230583	-262.01205	5.731185	5.6422906	3.0243595	394.755872964859
31	3936.341	168.25024	4143.724	3676.3965	4679.3975	68.741585	4797.344	4541.5386	1000.0	1000.0	155000	264.13443	65.87724	340.335	-41.91394	264.13434	65.87746	340.15576	-44.703537	264.02277	65.29855	341.2034	-43.168896	2.0290556	3.5747302	34.97688	-12.963577	-264.91293	5.712969	5.630667	3.0014977	408.2103328704834
32	4120.163	100.73998	4272.966	4008.896	4497.4355	79.86561	4662.6113	4365.972	1000.0	1000.0	160000	267.38245	65.30174	345.15472	-37.929626	267.3823	65.30176	346.02124	-42.592846	267.25052	64.73295	344.32028	-43.985924	2.0517216	3.5764358	27.219488	-14.04227	-268.13156	5.528033	5.4424295	2.963663	421.7666838169098
33	4099.626	110.46233	4255.7563	3919.5798	4599.7065	91.80034	4736.655	4466.6577	1000.0	1000.0	165000	270.5555	64.76138	348.28287	-36.052845	270.5554	64.7614	349.81934	-42.56454	270.41296	64.19344	349.84964	-43.308052	2.0696084	3.5996697	30.282013	-13.416306	-271.2769	5.690176	5.604311	2.9767034	435.27534580230713
34	4102.632	70.04684	4209.825	4034.6423	4475.4683	63.22743	4598.2144	4369.2026	1000.0	1000.0	170000	273.3165	64.95692	352.48288	-42.923355	273.31644	64.95757	354.88138	-46.78594	273.16403	64.395294	349.03348	-41.40569	2.1034563	3.622938	29.79744	-17.222641	-274.02344	5.5085983	5.4039116	2.9775057	448.88214802742004
35	3988.9597	122.32391	4157.7974	3807.1846	4410.3867	57.301292	4550.8296	4344.675	1000.0	1000.0	175000	276.10034	64.99539	351.00443	-39.820347	276.10004	64.9959	352.97162	-43.47205	275.93716	64.42711	350.83136	-42.08679	2.0869722	3.6250348	29.656626	-12.987644	-276.78915	5.82909	5.710368	2.9717152	462.49328231811523
36	4056.1438	97.063515	4190.992	3892.084	4530.4683	60.71113	4625.5347	4439.6836	1000.0	1000.0	180000	278.66208	64.31321	354.36456	-40.713993	278.66217	64.31388	356.28323	-45.77751	278.47842	63.738758	354.06396	-44.398678	2.1517174	3.6654868	31.277401	-12.919239	-279.3261	5.639201	5.5005436	2.9089215	476.1588578224182
37	4101.4365	50.320736	4161.116	4037.615	4765.7275	83.206406	4934.67	4623.142	1000.0	1000.0	185000	281.07385	64.42438	355.576	-38.560005	281.07358	64.42552	357.1003	-43.7329	280.89484	63.85907	354.05588	-40.360207	2.1522722	3.6659048	39.09706	-16.820297	-281.7435	5.5032687	5.4022603	2.89825	489.8104944229126
38	4252.2485	92.21331	4378.162	4112.654	4630.032	109.107155	4769.044	4454.208	1000.0	1000.0	190000	283.89825	63.772	361.3745	-39.008114	283.89813	63.77298	361.7979	-46.61703	283.70908	63.211575	360.0091	-43.454628	2.179585	3.688933	27.549244	-12.803156	-284.54916	5.581258	5.438806	2.9452753	503.3811664581299
39	4165.8325	102.168884	4279.408	4013.6936	4545.1084	72.00717	4693.1235	4454.219	1000.0	1000.0	195000	286.30157	63.63632	360.03412	-44.37366	286.30118	63.638767	360.77963	-50.18638	286.10416	63.06387	358.78442	-49.96153	2.1850097	3.6598656	33.91129	-14.441757	-286.9436	5.49504	5.351335	2.9802027	517.1113381385803
40	4286.5615	94.31388	4464.8643	4198.1655	4609.7383	72.40545	4722.61	4467.8267	1000.0	1000.0	200000	288.99762	62.89219	361.56113	-45.57106	288.9974	62.894627	361.1246	-48.170605	288.78064	62.33461	362.41995	-44.7194	2.1820474	3.686024	28.553026	-16.60351	-289.61395	5.5614824	5.402385	2.8701522	530.7915260791779
41	4205.2256	59.05188	4306.067	4155.1157	4664.949	69.515	4828.3716	4561.56	1000.0	1000.0	205000	291.01373	63.10733	364.5099	-40.020313	291.01355	63.10914	363.653	-45.151913	290.79404	62.541206	363.0057	-46.81949	2.2309923	3.6861076	32.86255	-16.549896	-291.6264	5.324181	5.1726265	2.8445544	544.6772265434265
42	4278.1665	121.83263	4420.059	4111.675	4780.7266	110.41831	4905.6187	4564.798	1000.0	1000.0	210000	293.39252	62.59196	365.44492	-37.66504	293.39203	62.594025	366.07806	-39.25124	293.16046	62.02746	364.2265	-46.454506	2.278374	3.6894433	31.415909	-15.162106	-293.995	5.391136	5.2593546	2.8340058	558.429851770401
43	4303.7056	108.43174	4459.548	4150.575	4836.5454	74.32735	4967.2524	4713.9	1000.0	1000.0	215000	295.587	62.197433	368.26553	-38.43535	295.58688	62.19982	366.81937	-37.339912	295.35284	61.62261	366.98962	-39.43525	2.2934787	3.686972	32.152374	-13.50983	-296.1875	5.478458	5.29255	2.8601258	572.1905627250671
44	3905.7812	866.54706	4371.9155	2175.2722	4829.5703	60.80561	4898.24	4683.6797	1000.0	1000.0	220000	297.1588	63.07098	369.10764	-39.57511	297.15872	63.072845	368.61722	-42.3962	296.92822	62.51217	368.71896	-45.389763	2.3215892	3.7156277	35.704967	-17.574013	-297.75604	5.425298	5.2423306	2.8272848	586.0887529850006
45	4341.2285	157.73834	4613.14	4169.6304	4801.9463	83.00988	4930.157	4678.697	1000.0	1000.0	225000	299.006	63.345745	370.29092	-45.664486	299.0056	63.348724	371.85233	-47.05748	298.75543	62.794147	370.73642	-41.282265	2.2941878	3.7335904	29.732992	-14.816622	-299.5876	5.3818955	5.1994443	2.8844125	599.8979415893555
46	4402.548	146.09741	4650.042	4219.983	4807.173	102.44045	4959.328	4679.9526	1000.0	1000.0	230000	301.02945	63.46918	370.611	-54.043015	301.02945	63.47145	369.90366	-58.85776	300.77454	62.92815	369.9407	-52.15097	2.3055038	3.7291555	29.142498	-12.658145	-301.6062	5.321918	5.1577435	2.8593278	613.7732462882996
47	4423.007	153.93279	4650.6074	4212.821	4859.788	110.227295	5054.884	4618.3247	1000.0	1000.0	235000	303.1521	63.444683	372.85513	-52.711098	303.15195	63.447205	372.81494	-51.998135	302.88492	62.896996	372.2495	-59.320744	2.3083537	3.7280576	30.314322	-13.140393	-303.7101	5.343257	5.171012	2.8522675	627.7069501876831
48	4316.746	109.503586	4438.791	4145.725	4791.506	67.0686	4939.732	4726.9355	1000.0	1000.0	240000	305.25385	63.013535	376.9685	-50.893078	305.25385	63.01517	376.72046	-53.181015	304.9964	62.453285	372.30908	-58.75058	2.3283982	3.72116	33.633392	-14.090752	-305.81216	5.444121	5.263656	2.8261917	641.5872488021851
49	4449.626	127.53918	4633.808	4298.3677	4845.1504	113.09761	5010.6924	4679.232	1000.0	1000.0	245000	306.99957	62.76158	374.6053	-46.130093	306.99933	62.764828	375.29428	-46.411877	306.72464	62.211857	374.9268	-47.1282	2.365687	3.7155967	34.75682	-14.665833	-307.544	5.3766785	5.1888165	2.8142524	655.5952188968658
